 n       t(s)    delta t    alpha_n lambda_h_tilda lambda_h_hat  zeta_n     rho_n       p_n
  1   0.040000   0.040000   0.000000   0.000000      0.000000   0.015386   0.000152   1.020615
  2   0.080000   0.040000   0.510126   0.020405      0.000000   0.015396   0.000304   1.042517
  3   0.120000   0.040000   0.530816   0.021233      0.000000   0.015412   0.000456   1.065808
  4   0.160000   0.040000   0.552395   0.022096      0.000000   0.015435   0.000608   1.090602
  5   0.200000   0.040000   0.574903   0.022996      0.000000   0.015465   0.000760   1.117021
  6   0.240000   0.040000   0.598400   0.023936      0.000000   0.015503   0.000912   1.145205
  7   0.280000   0.040000   0.622954   0.024918      0.000000   0.015549   0.001064   1.175307
  8   0.320000   0.040000   0.648636   0.025945      0.000000   0.015603   0.001216   1.207498
  9   0.360000   0.040000   0.675528   0.027021      0.000000   0.015666   0.001368   1.241970
 10   0.400000   0.040000   0.703716   0.028149      0.000000   0.015739   0.001520   1.278939
 11   0.440000   0.040000   0.733296   0.029332      0.000000   0.015822   0.001672   1.318646
 12   0.480000   0.040000   0.764375   0.030575      0.000000   0.015916   0.001824   1.361366
 13   0.520000   0.040000   0.797068   0.031883      0.000000   0.016021   0.001976   1.407407
 14   0.560000   0.040000   0.831506   0.033260      0.000000   0.016139   0.002128   1.457120
 15   0.600000   0.040000   0.867832   0.034713      0.000000   0.016270   0.002280   1.510907
 16   0.640000   0.040000   0.906205   0.036248      0.000000   0.016415   0.002432   1.569226
 17   0.680000   0.040000   0.946803   0.037872      0.000000   0.016576   0.002584   1.632603
 18   0.720000   0.040000   0.989826   0.039593      0.000000   0.016753   0.002736   1.701645
 19   0.760000   0.040000   1.035498   0.041420      0.000000   0.016949   0.002888   1.777056
 20   0.800000   0.040000   1.084071   0.043363      0.000000   0.017164   0.003040   1.859656
 21   0.840000   0.040000   1.135831   0.045433      0.000000   0.017402   0.003192   1.950402
 22   0.880000   0.040000   1.191102   0.047644      0.000000   0.017663   0.003344   2.050422
 23   0.920000   0.040000   1.250254   0.050010      0.000000   0.017952   0.003496   2.161050
 24   0.960000   0.040000   1.313710   0.052548      0.000000   0.018269   0.003648   2.283872
 25   1.000000   0.040000   1.381959   0.055278      0.000000   0.018620   0.003800   2.420793
 26   1.040000   0.040000   0.000000   0.000000      0.000000   0.018988   0.003770   2.449142
 27   1.080000   0.040000   0.000000   0.000000      0.000000   0.019358   0.003739   2.477191
 28   1.120000   0.040000   0.000000   0.000000      0.000000   0.019729   0.003709   2.504950
 29   1.160000   0.040000   0.000000   0.000000      0.000000   0.020101   0.003678   2.532410
 30   1.200000   0.040000   0.000000   0.000000      0.000000   0.020474   0.003648   2.559565
 31   1.240000   0.040000   0.000000   0.000000      0.000000   0.020848   0.003618   2.586409
 32   1.280000   0.040000   0.000000   0.000000      0.000000   0.021223   0.003587   2.612933
 33   1.320000   0.040000   0.000000   0.000000      0.000000   0.021598   0.003557   2.639133
 34   1.360000   0.040000   0.000000   0.000000      0.000000   0.021974   0.003526   2.665002
 35   1.400000   0.040000   0.000000   0.000000      0.000000   0.022350   0.003496   2.690534
 36   1.440000   0.040000   0.000000   0.000000      0.000000   0.022726   0.003466   2.715723
 37   1.480000   0.040000   0.000000   0.000000      0.000000   0.023103   0.003435   2.740565
 38   1.520000   0.040000   0.000000   0.000000      0.000000   0.023479   0.003405   2.765053
 39   1.560000   0.040000   0.000000   0.000000      0.000000   0.023856   0.003374   2.789182
 40   1.600000   0.040000   0.000000   0.000000      0.000000   0.024232   0.003344   2.812949
 41   1.640000   0.040000   0.000000   0.000000      0.000000   0.024608   0.003314   2.836347
 42   1.680000   0.040000   0.000000   0.000000      0.000000   0.024984   0.003283   2.859374
 43   1.720000   0.040000   0.000000   0.000000      0.000000   0.025359   0.003253   2.882024
 44   1.760000   0.040000   0.000000   0.000000      0.000000   0.025734   0.003222   2.904294
 45   1.800000   0.040000   0.000000   0.000000      0.000000   0.026108   0.003192   2.926180
 46   1.840000   0.040000   0.000000   0.000000      0.000000   0.026481   0.003162   2.947678
 47   1.880000   0.040000   0.000000   0.000000      0.000000   0.026853   0.003131   2.968786
 48   1.920000   0.040000   0.000000   0.000000      0.000000   0.027225   0.003101   2.989499
 49   1.960000   0.040000   0.000000   0.000000      0.000000   0.027595   0.003070   3.009816
 50   2.000000   0.040000   0.000000   0.000000      0.000000   0.027964   0.003040   3.029733
 51   2.040000   0.040000   0.000000   0.000000      0.000000   0.028332   0.003010   3.049247
 52   2.080000   0.040000   0.000000   0.000000      0.000000   0.028698   0.002979   3.068357
 53   2.120000   0.040000   0.000000   0.000000      0.000000   0.029063   0.002949   3.087060
 54   2.160000   0.040000   0.000000   0.000000      0.000000   0.029426   0.002918   3.105354
 55   2.200000   0.040000   0.000000   0.000000      0.000000   0.029788   0.002888   3.123238
 56   2.240000   0.040000   0.000000   0.000000      0.000000   0.030148   0.002858   3.140710
 57   2.280000   0.040000   0.000000   0.000000      0.000000   0.030506   0.002827   3.157768
 58   2.320000   0.040000   0.000000   0.000000      0.000000   0.030862   0.002797   3.174411
 59   2.360000   0.040000   0.000000   0.000000      0.000000   0.031216   0.002766   3.190638
 60   2.400000   0.040000   0.000000   0.000000      0.000000   0.031568   0.002736   3.206449
 61   2.440000   0.040000   0.000000   0.000000      0.000000   0.031918   0.002706   3.221842
 62   2.480000   0.040000   0.000000   0.000000      0.000000   0.032265   0.002675   3.236816
 63   2.520000   0.040000   0.000000   0.000000      0.000000   0.032610   0.002645   3.251372
 64   2.560000   0.040000   0.000000   0.000000      0.000000   0.032953   0.002614   3.265509
 65   2.600000   0.040000   0.000000   0.000000      0.000000   0.033293   0.002584   3.279227
 66   2.640000   0.040000   0.000000   0.000000      0.000000   0.033631   0.002554   3.292527
 67   2.680000   0.040000   0.000000   0.000000      0.000000   0.033966   0.002523   3.305407
 68   2.720000   0.040000   0.000000   0.000000      0.000000   0.034298   0.002493   3.317869
 69   2.760000   0.040000   0.000000   0.000000      0.000000   0.034628   0.002462   3.329913
 70   2.800000   0.040000   0.000000   0.000000      0.000000   0.034954   0.002432   3.341540
 71   2.840000   0.040000   0.000000   0.000000      0.000000   0.035278   0.002402   3.352750
 72   2.880000   0.040000   0.000000   0.000000      0.000000   0.035598   0.002371   3.363544
 73   2.920000   0.040000   0.000000   0.000000      0.000000   0.035916   0.002341   3.373924
 74   2.960000   0.040000   0.000000   0.000000      0.000000   0.036230   0.002310   3.383891
 75   3.000000   0.040000   0.000000   0.000000      0.000000   0.036541   0.002280   3.393445
 76   3.040000   0.040000   0.000000   0.000000      0.000000   0.036849   0.002250   3.402588
 77   3.080000   0.040000   0.000000   0.000000      0.000000   0.037153   0.002219   3.411322
 78   3.120000   0.040000   0.000000   0.000000      0.000000   0.037455   0.002189   3.419648
 79   3.160000   0.040000   0.000000   0.000000      0.000000   0.037752   0.002158   3.427568
 80   3.200000   0.040000   0.000000   0.000000      0.000000   0.038046   0.002128   3.435084
 81   3.240000   0.040000   0.000000   0.000000      0.000000   0.038337   0.002098   3.442198
 82   3.280000   0.040000   0.000000   0.000000      0.000000   0.038624   0.002067   3.448912
 83   3.320000   0.040000   0.000000   0.000000      0.000000   0.038907   0.002037   3.455228
 84   3.360000   0.040000   0.000000   0.000000      0.000000   0.039187   0.002006   3.461148
 85   3.400000   0.040000   0.000000   0.000000      0.000000   0.039463   0.001976   3.466674
 86   3.440000   0.040000   0.000000   0.000000      0.000000   0.039735   0.001946   3.471810
 87   3.480000   0.040000   0.000000   0.000000      0.000000   0.040003   0.001915   3.476558
 88   3.520000   0.040000   0.000000   0.000000      0.000000   0.040267   0.001885   3.480919
 89   3.560000   0.040000   0.000000   0.000000      0.000000   0.040528   0.001854   3.484898
 90   3.600000   0.040000   0.000000   0.000000      0.000000   0.040784   0.001824   3.488496
 91   3.640000   0.040000   0.000000   0.000000      0.000000   0.041037   0.001794   3.491717
 92   3.680000   0.040000   0.000000   0.000000      0.000000   0.041285   0.001763   3.494563
 93   3.720000   0.040000   0.000000   0.000000      0.000000   0.041530   0.001733   3.497038
 94   3.760000   0.040000   0.000000   0.000000      0.000000   0.041770   0.001702   3.499145
 95   3.800000   0.040000   0.000000   0.000000      0.000000   0.042006   0.001672   3.500886
 96   3.840000   0.040000   0.000000   0.000000      0.000000   0.042238   0.001642   3.502265
 97   3.880000   0.040000   0.000000   0.000000      0.000000   0.042466   0.001611   3.503285
 98   3.920000   0.040000   0.000000   0.000000      0.000000   0.042690   0.001581   3.503950
 99   3.960000   0.040000   0.000000   0.000000      0.000000   0.042909   0.001550   3.504262
100   4.000000   0.040000   0.000000   0.000000      0.000000   0.043125   0.001520   3.504226
101   4.040000   0.040000   0.000000   0.000000      0.000000   0.043335   0.001490   3.503845
102   4.080000   0.040000   0.000000   0.000000      0.000000   0.043542   0.001459   3.503122
103   4.120000   0.040000   0.000000   0.000000      0.000000   0.043744   0.001429   3.502061
104   4.160000   0.040000   0.000000   0.000000      0.000000   0.043942   0.001398   3.500666
105   4.200000   0.040000   0.000000   0.000000      0.000000   0.044136   0.001368   3.498940
106   4.240000   0.040000   0.000000   0.000000      0.000000   0.044325   0.001338   3.496887
107   4.280000   0.040000   0.000000   0.000000      0.000000   0.044510   0.001307   3.494510
108   4.320000   0.040000   0.000000   0.000000      0.000000   0.044691   0.001277   3.491814
109   4.360000   0.040000   0.000000   0.000000      0.000000   0.044867   0.001246   3.488803
110   4.400000   0.040000   0.000000   0.000000      0.000000   0.045039   0.001216   3.485479
111   4.440000   0.040000   0.000000   0.000000      0.000000   0.045206   0.001186   3.481848
112   4.480000   0.040000   0.000000   0.000000      0.000000   0.045369   0.001155   3.477912
113   4.520000   0.040000   0.000000   0.000000      0.000000   0.045527   0.001125   3.473677
114   4.560000   0.040000   0.000000   0.000000      0.000000   0.045681   0.001094   3.469145
115   4.600000   0.040000   0.000000   0.000000      0.000000   0.045831   0.001064   3.464321
116   4.640000   0.040000   0.000000   0.000000      0.000000   0.045976   0.001034   3.459209
117   4.680000   0.040000   0.000000   0.000000      0.000000   0.046117   0.001003   3.453812
118   4.720000   0.040000   0.000000   0.000000      0.000000   0.046253   0.000973   3.448136
119   4.760000   0.040000   0.000000   0.000000      0.000000   0.046385   0.000942   3.442183
120   4.800000   0.040000   0.000000   0.000000      0.000000   0.046513   0.000912   3.435959
121   4.840000   0.040000   0.000000   0.000000      0.000000   0.046636   0.000882   3.429466
122   4.880000   0.040000   0.000000   0.000000      0.000000   0.046755   0.000851   3.422710
123   4.920000   0.040000   0.000000   0.000000      0.000000   0.046869   0.000821   3.415694
124   4.960000   0.040000   0.000000   0.000000      0.000000   0.046979   0.000790   3.408422
125   5.000000   0.040000   0.000000   0.000000      0.000000   0.047085   0.000760   3.400898
126   5.040000   0.040000   0.000000   0.000000      0.000000   0.047186   0.000730   3.393127
127   5.080000   0.040000   0.000000   0.000000      0.000000   0.047283   0.000699   3.385113
128   5.120000   0.040000   0.000000   0.000000      0.000000   0.047375   0.000669   3.376859
129   5.160000   0.040000   0.000000   0.000000      0.000000   0.047463   0.000638   3.368370
130   5.200000   0.040000   0.000000   0.000000      0.000000   0.047547   0.000608   3.359650
131   5.240000   0.040000   0.000000   0.000000      0.000000   0.047627   0.000578   3.350703
132   5.280000   0.040000   0.000000   0.000000      0.000000   0.047702   0.000547   3.341533
133   5.320000   0.040000   0.000000   0.000000      0.000000   0.047773   0.000517   3.332144
134   5.360000   0.040000   0.000000   0.000000      0.000000   0.047840   0.000486   3.322540
135   5.400000   0.040000   0.000000   0.000000      0.000000   0.047902   0.000456   3.312726
136   5.440000   0.040000   0.000000   0.000000      0.000000   0.047961   0.000426   3.302705
137   5.480000   0.040000   0.000000   0.000000      0.000000   0.048015   0.000395   3.292481
138   5.520000   0.040000   0.000000   0.000000      0.000000   0.048065   0.000365   3.282059
139   5.560000   0.040000   0.000000   0.000000      0.000000   0.048110   0.000334   3.271442
140   5.600000   0.040000   0.000000   0.000000      0.000000   0.048152   0.000304   3.260634
141   5.640000   0.040000   0.000000   0.000000      0.000000   0.048190   0.000274   3.249640
142   5.680000   0.040000   0.000000   0.000000      0.000000   0.048223   0.000243   3.238463
143   5.720000   0.040000   0.000000   0.000000      0.000000   0.048253   0.000213   3.227108
144   5.760000   0.040000   0.000000   0.000000      0.000000   0.048278   0.000182   3.215577
145   5.800000   0.040000   0.000000   0.000000      0.000000   0.048300   0.000152   3.203876
146   5.840000   0.040000   0.000000   0.000000      0.000000   0.048317   0.000122   3.192008
147   5.880000   0.040000   0.000000   0.000000      0.000000   0.048331   0.000091   3.179977
148   5.920000   0.040000   0.000000   0.000000      0.000000   0.048340   0.000061   3.167787
149   5.960000   0.040000   0.000000   0.000000      0.000000   0.048346   0.000030   3.155441
150   6.000000   0.040000   0.000000   0.000000      0.000000   0.048348  -0.000000   3.142943
