 n       t(s)    delta t    alpha_n lambda_h_tilda lambda_h_hat  zeta_n     rho_n       p_n
  1   0.040000   0.040000   0.000000   0.000000      0.000000   0.020187   0.000152   0.870657  0.000258
  2   0.080000   0.040000  -3.462689  -0.138508      0.000000   0.020186   0.000304   1.015101  0.000225
  3   0.120000   0.040000   0.000000   0.000000      0.000000   0.020186   0.000456   0.921896  0.000262
  4   0.160000   0.040000  -2.407758  -0.096310      0.000000   0.020186   0.000608   1.039805  0.000238
  5   0.200000   0.040000   0.000000   0.000000      0.000000   0.020186   0.000760   0.972746  0.000269
  6   0.240000   0.040000  -1.666641  -0.066666      0.000000   0.020186   0.000912   1.072173  0.000251
  7   0.280000   0.040000   0.000000   0.000000      0.000000   0.020187   0.001064   1.025795  0.000277
  8   0.320000   0.040000  -1.105472  -0.044219      0.000000   0.020187   0.001216   1.111637  0.000265
  9   0.360000   0.040000   0.000000   0.000000      0.000000   0.020188   0.001368   1.082777  0.000287
 10   0.400000   0.040000  -0.657618  -0.026305      0.000000   0.020190   0.001520   1.158271  0.000280
 11   0.440000   0.040000   0.000000   0.000000      0.000000   0.020191   0.001672   1.145146  0.000299
 12   0.480000   0.040000  -0.284908  -0.011396      0.000000   0.020193   0.001824   1.212575  0.000296
 13   0.520000   0.040000   0.000000   0.000000      0.000000   0.020195   0.001976   1.214344  0.000313
 14   0.560000   0.040000   0.036445   0.001458      0.000000   0.020198   0.002128   1.275409  0.000314
 15   0.600000   0.040000   0.000000   0.000000      0.000000   0.020201   0.002280   1.291960  0.000330
 16   0.640000   0.040000   0.322345   0.012894      0.000000   0.020204   0.002432   1.347997  0.000334
 17   0.680000   0.040000   0.000000   0.000000      0.000000   0.020208   0.002584   1.379864  0.000348
 18   0.720000   0.040000   0.584136   0.023365      0.000000   0.020212   0.002736   1.431981  0.000357
 19   0.760000   0.040000   0.000000   0.000000      0.000000   0.020217   0.002888   1.480348  0.000370
 20   0.800000   0.040000   0.000000   0.000000      0.000000   0.020222   0.003040   1.535088  0.000383
 21   0.840000   0.040000   0.000000   0.000000      0.000000   0.020228   0.003192   1.592030  0.000397
 22   0.880000   0.040000   0.000000   0.000000      0.000000   0.020234   0.003344   1.655305  0.000411
 23   0.920000   0.040000   0.000000   0.000000      0.000000   0.020241   0.003496   1.722557  0.000428
 24   0.960000   0.040000   0.000000   0.000000      0.000000   0.020249   0.003648   1.796698  0.000445
 25   1.000000   0.040000   0.000000   0.000000      0.000000   0.020258   0.003800   1.876674  0.000464
 26   1.040000   0.040000   0.000000   0.000000      0.000000   0.020267   0.003770   1.893868  0.000485
 27   1.080000   0.040000   0.000000   0.000000      0.000000   0.020276   0.003739   1.892601  0.000489
 28   1.120000   0.040000  -0.016734  -0.000669      0.000000   0.020285   0.003709   1.903673  0.000489
 29   1.160000   0.040000   0.000000   0.000000      0.000000   0.020295   0.003678   1.903998  0.000492
 30   1.200000   0.040000   0.004270   0.000171      0.000000   0.020304   0.003648   1.911170  0.000492
 31   1.240000   0.040000   0.000000   0.000000      0.000000   0.020313   0.003618   1.912200  0.000494
 32   1.280000   0.040000   0.013478   0.000539      0.000000   0.020323   0.003587   1.916571  0.000494
 33   1.320000   0.040000   0.000000   0.000000      0.000000   0.020332   0.003557   1.917706  0.000495
 34   1.360000   0.040000   0.014807   0.000592      0.000000   0.020341   0.003526   1.920067  0.000496
 35   1.400000   0.040000   0.000000   0.000000      0.000000   0.020351   0.003496   1.920907  0.000496
 36   1.440000   0.040000   0.010927   0.000437      0.000000   0.020360   0.003466   1.921832  0.000496
 37   1.480000   0.040000   0.000000   0.000000      0.000000   0.020370   0.003435   1.922114  0.000497
 38   1.520000   0.040000   0.000000   0.000000      0.000000   0.020379   0.003405   1.922051  0.000497
 39   1.560000   0.040000   0.000000   0.000000      0.000000   0.020389   0.003374   1.921556  0.000497
 40   1.600000   0.040000   0.000000   0.000000      0.000000   0.020398   0.003344   1.920732  0.000497
 41   1.640000   0.040000   0.000000   0.000000      0.000000   0.020407   0.003314   1.919535  0.000496
 42   1.680000   0.040000   0.000000   0.000000      0.000000   0.020417   0.003283   1.918031  0.000496
 43   1.720000   0.040000   0.000000   0.000000      0.000000   0.020426   0.003253   1.916199  0.000496
 44   1.760000   0.040000   0.000000   0.000000      0.000000   0.020435   0.003222   1.914083  0.000495
 45   1.800000   0.040000   0.000000   0.000000      0.000000   0.020445   0.003192   1.911677  0.000495
 46   1.840000   0.040000  -0.031453  -0.001258      0.000000   0.020454   0.003162   1.909279  0.000494
 47   1.880000   0.040000   0.000000   0.000000      0.000000   0.020463   0.003131   1.905881  0.000493
 48   1.920000   0.040000  -0.044535  -0.001781      0.000000   0.020473   0.003101   1.903448  0.000492
 49   1.960000   0.040000   0.000000   0.000000      0.000000   0.020482   0.003070   1.899113  0.000492
 50   2.000000   0.040000  -0.057006  -0.002280      0.000000   0.020491   0.003040   1.896679  0.000491
 51   2.040000   0.040000   0.000000   0.000000      0.000000   0.020500   0.003010   1.891464  0.000490
 52   2.080000   0.040000  -0.068836  -0.002753      0.000000   0.020509   0.002979   1.889053  0.000489
 53   2.120000   0.040000   0.000000   0.000000      0.000000   0.020518   0.002949   1.883017  0.000488
 54   2.160000   0.040000  -0.080020  -0.003201      0.000000   0.020527   0.002918   1.880644  0.000487
 55   2.200000   0.040000   0.000000   0.000000      0.000000   0.020536   0.002888   1.873843  0.000486
 56   2.240000   0.040000  -0.090570  -0.003623      0.000000   0.020545   0.002858   1.871518  0.000484
 57   2.280000   0.040000   0.000000   0.000000      0.000000   0.020553   0.002827   1.864009  0.000484
 58   2.320000   0.040000  -0.100508  -0.004020      0.000000   0.020562   0.002797   1.861736  0.000482
 59   2.360000   0.040000   0.000000   0.000000      0.000000   0.020571   0.002766   1.853573  0.000481
 60   2.400000   0.040000  -0.109862  -0.004394      0.000000   0.020579   0.002736   1.851357  0.000479
 61   2.440000   0.040000   0.000000   0.000000      0.000000   0.020588   0.002706   1.842591  0.000478
 62   2.480000   0.040000  -0.118661  -0.004746      0.000000   0.020596   0.002675   1.840432  0.000476
 63   2.520000   0.040000   0.000000   0.000000      0.000000   0.020605   0.002645   1.831111  0.000476
 64   2.560000   0.040000  -0.126939  -0.005078      0.000000   0.020613   0.002614   1.829009  0.000473
 65   2.600000   0.040000   0.000000   0.000000      0.000000   0.020622   0.002584   1.819179  0.000473
 66   2.640000   0.040000  -0.134728  -0.005389      0.000000   0.020630   0.002554   1.817134  0.000470
 67   2.680000   0.040000   0.000000   0.000000      0.000000   0.020638   0.002523   1.806837  0.000470
 68   2.720000   0.040000  -0.142059  -0.005682      0.000000   0.020646   0.002493   1.804847  0.000467
 69   2.760000   0.040000   0.000000   0.000000      0.000000   0.020654   0.002462   1.794124  0.000466
 70   2.800000   0.040000  -0.148963  -0.005959      0.000000   0.020662   0.002432   1.792186  0.000464
 71   2.840000   0.040000   0.000000   0.000000      0.000000   0.020670   0.002402   1.781076  0.000463
 72   2.880000   0.040000  -0.155468  -0.006219      0.000000   0.020678   0.002371   1.779188  0.000460
 73   2.920000   0.040000   0.000000   0.000000      0.000000   0.020685   0.002341   1.767724  0.000460
 74   2.960000   0.040000  -0.161601  -0.006464      0.000000   0.020693   0.002310   1.765885  0.000457
 75   3.000000   0.040000   0.000000   0.000000      0.000000   0.020701   0.002280   1.754101  0.000456
 76   3.040000   0.040000  -0.167387  -0.006695      0.000000   0.020708   0.002250   1.752307  0.000453
 77   3.080000   0.040000   0.000000   0.000000      0.000000   0.020716   0.002219   1.740233  0.000453
 78   3.120000   0.040000  -0.172851  -0.006914      0.000000   0.020723   0.002189   1.738484  0.000450
 79   3.160000   0.040000   0.000000   0.000000      0.000000   0.020730   0.002158   1.726149  0.000449
 80   3.200000   0.040000  -0.178013  -0.007121      0.000000   0.020738   0.002128   1.724441  0.000446
 81   3.240000   0.040000   0.000000   0.000000      0.000000   0.020745   0.002098   1.711872  0.000446
 82   3.280000   0.040000  -0.182894  -0.007316      0.000000   0.020752   0.002067   1.710204  0.000442
 83   3.320000   0.040000   0.000000   0.000000      0.000000   0.020759   0.002037   1.697425  0.000442
 84   3.360000   0.040000  -0.187514  -0.007501      0.000000   0.020766   0.002006   1.695795  0.000439
 85   3.400000   0.040000   0.000000   0.000000      0.000000   0.020772   0.001976   1.682829  0.000438
 86   3.440000   0.040000  -0.191888  -0.007676      0.000000   0.020779   0.001946   1.681235  0.000435
 87   3.480000   0.040000   0.000000   0.000000      0.000000   0.020786   0.001915   1.668104  0.000434
 88   3.520000   0.040000  -0.196033  -0.007841      0.000000   0.020792   0.001885   1.666545  0.000431
 89   3.560000   0.040000   0.000000   0.000000      0.000000   0.020799   0.001854   1.653268  0.000431
 90   3.600000   0.040000  -0.199964  -0.007999      0.000000   0.020805   0.001824   1.651743  0.000427
 91   3.640000   0.040000   0.000000   0.000000      0.000000   0.020812   0.001794   1.638340  0.000427
 92   3.680000   0.040000  -0.203695  -0.008148      0.000000   0.020818   0.001763   1.636846  0.000423
 93   3.720000   0.040000   0.000000   0.000000      0.000000   0.020824   0.001733   1.623333  0.000423
 94   3.760000   0.040000  -0.207237  -0.008289      0.000000   0.020830   0.001702   1.621870  0.000419
 95   3.800000   0.040000   0.000000   0.000000      0.000000   0.020836   0.001672   1.608265  0.000419
 96   3.840000   0.040000  -0.210603  -0.008424      0.000000   0.020842   0.001642   1.606831  0.000416
 97   3.880000   0.040000   0.000000   0.000000      0.000000   0.020848   0.001611   1.593147  0.000415
 98   3.920000   0.040000  -0.213802  -0.008552      0.000000   0.020854   0.001581   1.591741  0.000412
 99   3.960000   0.040000   0.000000   0.000000      0.000000   0.020860   0.001550   1.577995  0.000411
100   4.000000   0.040000  -0.216846  -0.008674      0.000000   0.020865   0.001520   1.576616  0.000408
101   4.040000   0.040000   0.000000   0.000000      0.000000   0.020871   0.001490   1.562818  0.000407
102   4.080000   0.040000  -0.219744  -0.008790      0.000000   0.020876   0.001459   1.561465  0.000404
103   4.120000   0.040000   0.000000   0.000000      0.000000   0.020882   0.001429   1.547630  0.000403
104   4.160000   0.040000  -0.222502  -0.008900      0.000000   0.020887   0.001398   1.546302  0.000400
105   4.200000   0.040000   0.000000   0.000000      0.000000   0.020892   0.001368   1.532439  0.000400
106   4.240000   0.040000  -0.225131  -0.009005      0.000000   0.020897   0.001338   1.531136  0.000396
107   4.280000   0.040000   0.000000   0.000000      0.000000   0.020902   0.001307   1.517257  0.000396
108   4.320000   0.040000  -0.227636  -0.009105      0.000000   0.020907   0.001277   1.515977  0.000392
109   4.360000   0.040000   0.000000   0.000000      0.000000   0.020912   0.001246   1.502092  0.000392
110   4.400000   0.040000  -0.230025  -0.009201      0.000000   0.020917   0.001216   1.500834  0.000388
111   4.440000   0.040000   0.000000   0.000000      0.000000   0.020922   0.001186   1.486953  0.000388
112   4.480000   0.040000  -0.232304  -0.009292      0.000000   0.020926   0.001155   1.485717  0.000384
113   4.520000   0.040000   0.000000   0.000000      0.000000   0.020931   0.001125   1.471848  0.000384
114   4.560000   0.040000  -0.234478  -0.009379      0.000000   0.020935   0.001094   1.470633  0.000380
115   4.600000   0.040000   0.000000   0.000000      0.000000   0.020940   0.001064   1.456784  0.000380
116   4.640000   0.040000  -0.236553  -0.009462      0.000000   0.020944   0.001034   1.455590  0.000376
117   4.680000   0.040000   0.000000   0.000000      0.000000   0.020948   0.001003   1.441768  0.000376
118   4.720000   0.040000  -0.238535  -0.009541      0.000000   0.020953   0.000973   1.440594  0.000373
119   4.760000   0.040000   0.000000   0.000000      0.000000   0.020957   0.000942   1.426806  0.000372
120   4.800000   0.040000  -0.240427  -0.009617      0.000000   0.020961   0.000912   1.425652  0.000369
121   4.840000   0.040000   0.000000   0.000000      0.000000   0.020965   0.000882   1.411905  0.000368
122   4.880000   0.040000  -0.242234  -0.009689      0.000000   0.020968   0.000851   1.410771  0.000365
123   4.920000   0.040000   0.000000   0.000000      0.000000   0.020972   0.000821   1.397071  0.000365
124   4.960000   0.040000  -0.243961  -0.009758      0.000000   0.020976   0.000790   1.395955  0.000361
125   5.000000   0.040000   0.000000   0.000000      0.000000   0.020980   0.000760   1.382307  0.000361
126   5.040000   0.040000  -0.245610  -0.009824      0.000000   0.020983   0.000730   1.381209  0.000357
127   5.080000   0.040000   0.000000   0.000000      0.000000   0.020987   0.000699   1.367620  0.000357
128   5.120000   0.040000  -0.247186  -0.009887      0.000000   0.020990   0.000669   1.366540  0.000353
129   5.160000   0.040000   0.000000   0.000000      0.000000   0.020993   0.000638   1.353013  0.000353
130   5.200000   0.040000  -0.248693  -0.009948      0.000000   0.020997   0.000608   1.351951  0.000350
131   5.240000   0.040000   0.000000   0.000000      0.000000   0.021000   0.000578   1.338491  0.000349
132   5.280000   0.040000  -0.250132  -0.010005      0.000000   0.021003   0.000547   1.337446  0.000346
133   5.320000   0.040000   0.000000   0.000000      0.000000   0.021006   0.000517   1.324058  0.000346
134   5.360000   0.040000  -0.251507  -0.010060      0.000000   0.021009   0.000486   1.323029  0.000342
135   5.400000   0.040000   0.000000   0.000000      0.000000   0.021012   0.000456   1.309717  0.000342
136   5.440000   0.040000  -0.252821  -0.010113      0.000000   0.021014   0.000426   1.308704  0.000338
137   5.480000   0.040000   0.000000   0.000000      0.000000   0.021017   0.000395   1.295471  0.000338
138   5.520000   0.040000  -0.254077  -0.010163      0.000000   0.021020   0.000365   1.294474  0.000335
139   5.560000   0.040000   0.000000   0.000000      0.000000   0.021022   0.000334   1.281324  0.000334
140   5.600000   0.040000  -0.255276  -0.010211      0.000000   0.021025   0.000304   1.280342  0.000331
141   5.640000   0.040000   0.000000   0.000000      0.000000   0.021027   0.000274   1.267277  0.000331
142   5.680000   0.040000  -0.256421  -0.010257      0.000000   0.021029   0.000243   1.266312  0.000327
143   5.720000   0.040000   0.000000   0.000000      0.000000   0.021032   0.000213   1.253335  0.000327
144   5.760000   0.040000  -0.257514  -0.010301      0.000000   0.021034   0.000182   1.252384  0.000324
145   5.800000   0.040000   0.000000   0.000000      0.000000   0.021036   0.000152   1.239498  0.000324
146   5.840000   0.040000  -0.258558  -0.010342      0.000000   0.021038   0.000122   1.238563  0.000320
147   5.880000   0.040000   0.000000   0.000000      0.000000   0.021040   0.000091   1.225770  0.000320
148   5.920000   0.040000  -0.259553  -0.010382      0.000000   0.021042   0.000061   1.224849  0.000317
149   5.960000   0.040000   0.000000   0.000000      0.000000   0.021044   0.000030   1.212152  0.000317
150   6.000000   0.040000  -0.260503  -0.010420      0.000000   0.021045  -0.000000   1.211245  0.000313
